1.521175415778718731e+00
9.484194252660804736e-01
1.537988769408843437e+00
1.095147895330725207e+00
1.777703145655153971e+00
7.645969083013397505e-01
7.842749269222023534e-01
1.020776456064614646e+00
1.356426097821316290e+00
8.228712281080998725e-01
5.738108260094534341e-01
8.393978463395138645e-01
1.019518780642595601e+00
9.405572829481683161e-01
7.978269698238812380e-01
8.301694998435965589e-01
7.861258333453584601e-01
1.687214930136549329e+00
1.027160614830979757e+00
1.193640222877150769e+00
7.692763353152456407e-01
1.416004164048063174e+00
1.284837642911496047e+00
1.114654556379097050e+00
8.729348170509898530e-01
6.258309121028494681e-01
1.461654651349777012e+00
5.612035345343202586e-01
1.717472910077150416e+00
5.626167592938084994e-01
1.364424988865761357e+00
1.061253709832390868e+00
1.107761595172447322e+00
1.601838266630498220e+00
1.250893385567337424e+00
1.552562931773611599e+00
9.489325628953397818e-01
1.017876943731334638e+00
1.340635806216476267e+00
5.342537492492681617e-01
4.998697750574878640e-01
1.676567166637227047e+00
7.762420842554236255e-01
1.201154835769777662e+00
1.789206220393583902e+00
1.407341229800233906e+00
1.394649045538537191e+00
7.278883389458427056e-01
8.621589427401836758e-01
1.404505675839936796e+00
8.319233938749517332e-01
1.429038924143097411e+00
1.331177188790344967e+00
8.099118833849316967e-01
1.329709337565290195e+00
9.373964892430931561e-01
8.685028876598519521e-01
1.332252676668926217e+00
1.400256370170736009e+00
1.390042842953106206e+00
9.247814275569161691e-01
9.702495141001286072e-01
1.609058753376600759e+00
9.833625802976513341e-01
1.657606237772554669e+00
7.373177573430045317e-01
1.329945572930015363e+00
8.184055153238357638e-01
1.640054661032314343e+00
1.323669709692150365e+00
6.666412979806698447e-01
1.658075432994552179e+00
1.096310762327093347e+00
1.567293442502718070e+00
1.367904783682097225e+00
1.602884385710484860e+00
6.609728727188028952e-01
1.613767405054177928e+00
7.909307387870931905e-01
9.342628989547412388e-01
1.290945544694831471e+00
1.438547091803004552e+00
1.407306758703743998e+00
5.554852848792164455e-01
6.381698665516921665e-01
1.170224959016050503e+00
1.964691052374375246e+00
3.781983557684328590e-01
1.746376180096187225e+00
9.308020266506912277e-01
7.513592828662578604e-01
7.309142979191214362e-01
9.110713704404677094e-01
8.011676792725874741e-01
1.546716424301534332e+00
8.142356369252916615e-01
7.664568088294756443e-01
1.340404028331509956e+00
1.355103001948109176e+00
1.553665952441920961e+00
8.455688186662877470e-01
1.653251291344047358e+00
1.557936566538925760e+00
1.417021203209134272e+00
1.171861718257319662e+00
4.539081488744698412e-01
1.216341966931592466e+00
7.001386245527637664e-01
9.780714187265777682e-01
1.288868273991318425e+00
8.667151725815241958e-01
1.462762254935676687e+00
6.476957036430982528e-01
1.417460491148708535e+00
1.482693830874604490e+00
1.836719422442063987e+00
1.658448138029195329e+00
1.628175800748243862e+00
9.107150267035000191e-01
1.202986954087265081e+00
7.812008798220687611e-01
1.067343427150764246e+00
7.426691199782545771e-01
9.800433219256637907e-01
5.598231398037597506e-01
1.490868103861383576e+00
1.320254032520001175e+00
1.651858694972459407e+00
1.442491129143773865e+00
9.391826172140742557e-01
6.605090493711498478e-01
9.443340088223086681e-01
6.588837620182614874e-01
1.691296581373959107e+00
9.604381343900938450e-01
1.621728610658643044e+00
1.566628414041128181e+00
1.091924842420499919e+00
1.567160921888840708e+00
1.438132593905673495e+00
1.585889884242674075e+00
1.126472343667055842e+00
1.347233276906293575e+00
1.566292483731730245e+00
1.666440588462297923e+00
1.215734669775636378e+00
1.654432293773233198e+00
1.639791612808739307e+00
7.705181322030707491e-01
1.104572505142979777e+00
1.304539682846971527e+00
1.180582061465233812e+00
1.473392591359569792e+00
1.520865349626456364e+00
1.448668283586702632e+00
8.961572786125644452e-01
8.241244999169103913e-01
8.211146766475874159e-01
4.057808129949951881e-01
5.717249870698862813e-01
4.802316592568979248e-01
1.040185607009223467e+00
1.177147564692619941e+00
8.972251731726930135e-01
8.145763450206895406e-01
1.500635897291407339e+00
1.471044730574519566e+00
1.224032259836686398e+00
1.420452820810900407e+00
1.250147056903312848e+00
1.740737960817978047e+00
1.112530459598330523e+00
4.260661088797884632e-01
1.304984917148685364e+00
1.636991228765033446e+00
7.788599019593067663e-01
1.737622446891916361e+00
1.351397628144039409e+00
8.413211187076728992e-01
1.231152540304044418e+00
1.525369378051886660e+00
1.468766520784915208e+00
1.165285193468375669e+00
9.996092059811607644e-01
1.043405632988405829e+00
8.412460311470860708e-01
1.251630986591901307e+00
1.327181497830080659e+00
1.149803290258947008e+00
4.631003986076830392e-01
1.036961210268640521e+00
1.715439689595038564e+00
1.053088102113876490e+00
5.187133436797989328e-01
7.723370003155436425e-01
7.504863393540417427e-01
1.521714340157612755e+00
1.451439809027742056e+00
1.086272351566478500e+00
1.484786228065010372e+00
8.125060709114733104e-01
4.526274936991365738e-01
6.141430252452637628e-01
1.123088610174559410e+00
1.370729685371966600e+00
8.767315476851456069e-01
1.341076884403327618e+00
7.698238341544973995e-01
9.429293418814312933e-01
7.783580918648760338e-01
1.238849692161607008e+00
8.217152628570015827e-01
1.086432305690917310e+00
1.164635510781613981e+00
5.091435582135820370e-01
9.244080024133003448e-01
6.218955393083208660e-01
9.080045711895883276e-01
6.552612581297917460e-01
8.007956588368558837e-01
1.455608543150893164e+00
1.607167915681661174e+00
1.385058334583695094e+00
9.312663995128694916e-01
9.893410114762584140e-01
1.398450975366035021e+00
1.409631866672662381e+00
1.217447084046515471e+00
7.067342926680383330e-01
1.394591961729709118e+00
1.156094056143873061e+00
6.406625247405333123e-01
1.184343889928876958e+00
1.142794899376775808e+00
5.591384605013421938e-01
9.589209083716193627e-01
8.441766113281574668e-01
1.056660348200944455e+00
1.295541675751593180e+00
1.762938211238263886e+00
1.304511558361855172e+00
5.427103327442162062e-01
1.138942326751419598e+00
1.435277857499896781e+00
1.293628463760131186e+00
1.346116650161343742e+00
1.183567545276082544e+00
9.344927455395193316e-01
1.336957105004765722e+00
8.120652567947407308e-01
