1.712569843038811990e-01
7.498355884873405836e-04
1.310642538916341070e-04
2.637164132738063923e-04
7.704933470217255071e-04
5.023235944618549206e-03
1.865405414690982609e-03
8.891538591415052319e-07
1.605512757046937203e-03
2.683331015488830252e-05
4.592390050618167007e-04
1.146356255391584250e-03
5.978333646595039401e-03
1.216253448609776536e-03
3.267645487319358570e-05
1.040222798451263808e-01
1.367134010472739259e-04
7.430881228818126468e-05
5.653868110650249641e-03
1.300489913750086957e-05
6.001011108107799206e-06
2.284064188467670002e-03
1.585530204468901154e-03
2.784572342616250390e-02
1.728856580156918061e-06
5.299493726936395710e-07
1.260733595751831703e-04
2.946319023579957799e-02
1.080001739270736806e-04
9.195425765248245176e-01
1.158907147523801327e-02
1.854689051692019015e-04
9.688056357302984127e-06
8.508852610342277170e-05
1.097338191353750166e-02
3.674990975121674320e-03
5.640532585548523742e-02
5.035958817681411848e-01
2.571713019009068835e-04
6.782220429806613739e-05
3.384727070104038161e-03
1.379113175913062282e-04
1.807994980984433181e-05
8.324002692221572214e-03
2.198933995359057196e-04
9.710294727739095938e-03
1.894628157503457075e-05
4.028548611584700063e-07
7.132960646085550332e-04
9.365455564309131953e-01
4.326679547674339849e-03
5.939783720615616353e-02
5.225429651603216447e-05
3.779689010531793458e-03
4.030808903070487448e-02
7.234415608542671571e-06
1.811895604184680150e-03
2.630776086852085888e-03
3.331165117480468577e-03
4.506344254843049567e-04
1.602170004401602980e-03
1.590340249052056467e-04
9.038193961695942954e-07
9.951315435371266283e-01
9.609802736026508141e-01
7.867475342390922721e-01
7.691194068556064245e-01
9.895408802721353814e-01
9.311161595009201930e-01
9.990524952261091718e-01
9.998784182356253991e-01
9.975895038788047398e-01
9.947810026527817984e-01
9.725747570744286419e-01
9.920859647962447792e-01
7.383353992790897546e-01
9.750236066832389525e-01
9.724504095613502042e-01
9.974210208696057123e-01
5.484600752597802442e-01
9.886737663726388181e-01
9.998828321037934730e-01
9.973828770816599576e-01
9.880819920782850652e-01
9.533468678006327135e-01
6.606335722202826277e-01
9.849680224327680422e-01
9.937382191411149313e-01
9.996009423055191023e-01
9.753468641781973814e-01
7.872169156980438620e-01
9.886568599153603421e-01
9.456428717181731836e-01
9.928363809005490426e-01
9.374195935909352961e-01
9.996008822042504738e-01
9.974824185693758061e-01
9.129837885404219477e-01
9.993967158171933596e-01
9.987418173171488389e-01
9.996373858723297534e-01
9.777117696445538630e-01
9.714770765663471863e-01
9.986117911516524392e-01
6.994774879144589619e-01
9.814192085133642829e-01
9.635115315963671545e-01
9.971937389780081151e-01
9.142512210072024637e-01
9.118799961395429587e-01
9.987442129050416728e-01
8.674590751578966641e-01
9.870933802837740245e-01
9.023906592848901509e-01
5.610012087824909344e-01
9.896290915792955722e-01
9.981973341741360306e-01
8.868563645902206583e-01
9.985403762363701530e-01
9.812937296206660776e-01
9.544227028148883907e-01
9.857097545183134413e-01
8.937868263569702654e-01
9.981608104893044953e-01
9.994697526498064200e-01
2.874211736865210920e-01
