7.310585786300048960e-01 5.956617238714614349e-01 1.339171203344470540e-01
7.310585786300048960e-01 8.655557813176428805e-02 2.371165678526876708e-01
7.310585786300048960e-01 9.821498790658429734e-02 3.615999066040191667e-02
7.310585786300048960e-01 2.020951209572599827e-01 1.044247022587960379e-02
7.310585786300048960e-01 1.755979517585090355e-01 4.541561677616701848e-02
7.310585786300048960e-01 3.970101570003120584e-01 2.242997874665840843e-02
7.310585786300048960e-01 1.934878283683389433e-01 8.177874693670722506e-02
7.310585786300048960e-01 4.674624526341858606e-03 2.680569058676960381e-01
7.310585786300048960e-01 3.746328713287555567e-01 8.798656637845816281e-03
7.310585786300048960e-01 5.879589030515916526e-02 2.658790058299036890e-02
7.310585786300048960e-01 1.205028835980592461e-01 7.322495343977449000e-02
7.310585786300048960e-01 1.166431174912224977e-01 1.803920226684520012e-01
7.310585786300048960e-01 1.280669792433377363e-01 4.831287843736927212e-01
7.310585786300048960e-01 1.724563917459724927e-01 7.405456214221593780e-02
7.310585786300048960e-01 4.389506917548051390e-02 6.450525643846005686e-02
7.310585786300048960e-01 7.690214895507819781e-01 1.243527558825766564e-02
7.310585786300048960e-01 2.681103600584685762e-02 4.981545307591985772e-01
7.310585786300048960e-01 1.111872771627117201e-01 1.491980737531386006e-02
7.310585786300048960e-01 2.428019598080812524e-01 1.233514271087986919e-01
7.310585786300048960e-01 2.227918112521587793e-02 1.223148973159806641e-01
7.310585786300048960e-01 2.853871862559463624e-02 3.356276604213981329e-02
7.310585786300048960e-01 4.003859685913577771e-01 9.777917885409518825e-03
7.310585786300048960e-01 1.987512703417022852e-01 6.514861180868711243e-02
7.310585786300048960e-01 2.006796411148424608e-01 5.671823309654610012e-01
7.310585786300048960e-01 1.017173243203481001e-02 1.029608511787983433e-01
7.310585786300048960e-01 1.879585489163770537e-02 7.842491882731105271e-03
7.310585786300048960e-01 7.095754793318793940e-02 7.668467680762446059e-02
7.310585786300048960e-01 5.502109177206240265e-01 3.248319255903671376e-02
7.310585786300048960e-01 2.655640842726634393e-02 4.437839957858040196e-01
7.310585786300048960e-01 6.853475692232071648e-01 7.898048543150971712e-01
7.310585786300048960e-01 1.699322584070135089e-01 4.589397516548917033e-01
7.310585786300048960e-01 2.231379570267294499e-02 6.786700628961506165e-01
7.310585786300048960e-01 7.954883802392124365e-03 5.458126001376055747e-01
7.310585786300048960e-01 3.594577825900006213e-02 2.306279616903117446e-01
7.310585786300048960e-01 5.143348542301769966e-01 1.653014193265016363e-02
7.310585786300048960e-01 1.478471005621730672e-01 2.768856783505440067e-01
7.310585786300048960e-01 4.321286475443346653e-01 1.702658464497183721e-01
7.310585786300048960e-01 4.443565299500584764e-01 7.684409901739633897e-01
7.310585786300048960e-01 3.992897839255442338e-02 4.185751085092687118e-01
7.310585786300048960e-01 5.430283714941723516e-02 7.925801289757138102e-02
7.310585786300048960e-01 1.492783413777730717e-01 2.551865813838495867e-01
7.310585786300048960e-01 5.773475044107803655e-02 1.326010957507970101e-01
7.310585786300048960e-01 1.610463193709770618e-02 2.983374083074216143e-01
7.310585786300048960e-01 2.442528968501896103e-01 1.707011346107207284e-01
7.310585786300048960e-01 2.093589330581062946e-01 7.828710437950201287e-03
7.310585786300048960e-01 2.463743996425205030e-01 1.902467737360806210e-01
7.310585786300048960e-01 3.459577511720834248e-02 6.598999585678640145e-02
7.310585786300048960e-01 1.005412946075351192e-02 2.585548109307720180e-02
7.310585786300048960e-01 1.039868359829133754e-01 1.549190329146769018e-01
7.310585786300048960e-01 8.969600164958546618e-01 1.581176355940315803e-01
7.310585786300048960e-01 1.171579169084272370e-01 4.596429957343030615e-01
7.310585786300048960e-01 2.228520700659090414e-01 6.829767222815961158e-01
7.310585786300048960e-01 6.679660515381961872e-02 3.776777852547677505e-02
7.310585786300048960e-01 3.227860726666833546e-01 3.531238232296597668e-02
7.310585786300048960e-01 9.664566244513703164e-02 9.351321798588005940e-01
7.310585786300048960e-01 1.015847305699751901e-02 3.327893325210253272e-01
7.310585786300048960e-01 1.733383799050719487e-01 1.060579360321555059e-01
7.310585786300048960e-01 1.054006604597870211e-01 4.029250121772526283e-01
7.310585786300048960e-01 2.560190692126755874e-01 6.468561379563866898e-02
7.310585786300048960e-01 1.476398375210849212e-01 4.274290924010638870e-02
7.310585786300048960e-01 3.963123607273536658e-02 8.270343221148402924e-01
7.310585786300048960e-01 3.366543429207288773e-02 4.002451057134336354e-01
7.310585786300048960e-01 4.903009721475529333e-03 2.496538627168840285e-01
7.310585786300048960e-01 8.729647856316589127e-01 8.285841354944641912e-01
7.310585786300048960e-01 7.613171566389009826e-01 7.708382553413911653e-01
7.310585786300048960e-01 7.441682271660804426e-01 3.741072239159015100e-01
7.310585786300048960e-01 7.265009449718248247e-01 3.999539192535986887e-01
7.310585786300048960e-01 7.107773197896587458e-01 9.610108089411484311e-01
7.310585786300048960e-01 7.554948728379295986e-01 6.622477841843090740e-01
7.310585786300048960e-01 8.783337671702264871e-01 9.585136429170636463e-01
7.310585786300048960e-01 9.366994505241452718e-01 9.722409734502840406e-01
7.310585786300048960e-01 8.378565451284943899e-01 9.511293824684444731e-01
7.310585786300048960e-01 8.457703510033172112e-01 8.843854166019399221e-01
7.310585786300048960e-01 8.093794739114537062e-01 7.137691192921418182e-01
7.310585786300048960e-01 8.717841440073369474e-01 7.502221466805569783e-01
7.310585786300048960e-01 7.256107939650009442e-01 3.623535361621151862e-01
7.310585786300048960e-01 8.024698809317464265e-01 7.532510013577652375e-01
7.310585786300048960e-01 7.350916143453625207e-01 8.709398881161799499e-01
7.310585786300048960e-01 7.663850805567823388e-01 9.814317098973605047e-01
7.310585786300048960e-01 5.946739835643646277e-01 4.892429625021691986e-01
7.310585786300048960e-01 7.865202767479101409e-01 8.975263944962054152e-01
7.310585786300048960e-01 9.399612807878785503e-01 9.695674732605613633e-01
7.310585786300048960e-01 8.434091461564198200e-01 9.419448365269114110e-01
7.310585786300048960e-01 8.219192432314545993e-01 8.302476385982484608e-01
7.310585786300048960e-01 6.763291325998082026e-01 8.825199626654235407e-01
7.310585786300048960e-01 7.155912390506032894e-01 3.039981182453508901e-01
7.310585786300048960e-01 6.813860603086268064e-01 9.591198136266954055e-01
7.310585786300048960e-01 8.283122565468844511e-01 8.955010398673901584e-01
7.310585786300048960e-01 8.844555374173070916e-01 9.799350171915990337e-01
7.310585786300048960e-01 8.279536859030751650e-01 6.751065919362925216e-01
7.310585786300048960e-01 7.496216049696191597e-01 3.590228454916046807e-01
7.310585786300048960e-01 7.937429469214739575e-01 8.875601177202171455e-01
7.310585786300048960e-01 7.554672209137880401e-01 7.175043908558275119e-01
7.310585786300048960e-01 8.056687437697130916e-01 9.141958875753367630e-01
7.310585786300048960e-01 7.915957903570312038e-01 5.727505814237165982e-01
7.310585786300048960e-01 8.450362446979218234e-01 9.908593860107882678e-01
7.310585786300048960e-01 8.287445195502385342e-01 9.559816682538414545e-01
7.310585786300048960e-01 7.063442714540513201e-01 7.316066711530287980e-01
7.310585786300048960e-01 7.737154562470093255e-01 9.953218634761701322e-01
7.310585786300048960e-01 8.577218759191984621e-01 9.634948079247025454e-01
7.310585786300048960e-01 8.971070641273497515e-01 9.754102607885565268e-01
7.310585786300048960e-01 8.138785077931303125e-01 7.431452273302991962e-01
7.310585786300048960e-01 7.853443624505750398e-01 7.725121628149107522e-01
7.310585786300048960e-01 8.556872724806615649e-01 9.612545755821858551e-01
7.310585786300048960e-01 6.102575108065065868e-01 6.153952804160692791e-01
7.310585786300048960e-01 7.759012200254796765e-01 8.583465865167033693e-01
7.310585786300048960e-01 8.140677935621840611e-01 6.317152794734444132e-01
7.310585786300048960e-01 8.369709468068153857e-01 9.441524337453219839e-01
7.310585786300048960e-01 7.575735388615090216e-01 5.995916582198109746e-01
7.310585786300048960e-01 6.475906164304863211e-01 8.350371281239473698e-01
7.310585786300048960e-01 8.491957958044125121e-01 9.687932994302499434e-01
7.310585786300048960e-01 6.267831291409392547e-01 7.964463164229804715e-01
7.310585786300048960e-01 8.506798850220261832e-01 7.329496393648188279e-01
7.310585786300048960e-01 6.699208070099844647e-01 7.811933258796888158e-01
7.310585786300048960e-01 6.374746746901785999e-01 3.972592366774544415e-01
7.310585786300048960e-01 8.786718924238782202e-01 6.619488735976640781e-01
7.310585786300048960e-01 8.999282684928857634e-01 8.769409574556321640e-01
7.310585786300048960e-01 7.702904026031593965e-01 4.807094458008855931e-01
7.310585786300048960e-01 8.395399698865889659e-01 9.693498553463056888e-01
7.310585786300048960e-01 8.030744756961761821e-01 8.037161948123465738e-01
7.310585786300048960e-01 7.864214495831630680e-01 6.702481726820611607e-01
7.310585786300048960e-01 7.525266510660792996e-01 9.153086655558679841e-01
7.310585786300048960e-01 7.405270308752287534e-01 5.925910626532994163e-01
7.310585786300048960e-01 7.980584474005640860e-01 9.797019426985986712e-01
7.310585786300048960e-01 8.890604164315334401e-01 9.703848192250368321e-01
7.310585786300048960e-01 5.299759023165172556e-01 3.651662396297943314e-01
