5.886698348680436538e-02
8.001481432735551777e-03
7.304213905116337287e-03
1.235592716960857811e-02
1.245863239946374060e-02
2.733163432249859429e-02
1.445577483390721521e-02
8.085177433964573727e-04
2.333448358453833055e-02
4.631906233077442633e-03
9.331607275493482637e-03
9.981990029644017756e-03
1.238607961971231568e-02
1.285955742132893244e-02
3.989008970348950980e-03
8.472678240198912303e-02
3.461753188485602265e-03
7.460410408734506095e-03
1.878941553616018945e-02
2.488307327476471219e-03
2.654593457087871256e-03
2.556689941077570569e-02
1.449316479723664064e-02
1.919273472298999028e-02
1.324364514118656251e-03
1.662676771892979740e-03
5.996707962221348165e-03
4.483596196244717808e-02
3.366065401085818320e-03
1.024739239741600111e-01
1.579673590915560075e-02
3.215933681985460538e-03
1.364730019128457261e-03
3.902919523820234503e-03
3.786553028951972211e-02
1.293966330350363771e-02
3.717935587385066964e-02
4.956157829136214471e-02
4.607536541665829127e-03
4.835363694141480914e-03
1.291729215555195535e-02
5.363056202443348269e-03
2.142779722999009658e-03
1.957759063935619881e-02
1.244006684732999572e-02
1.999035551295793439e-02
3.305668521148844019e-03
1.143567014052629784e-03
8.892517501268673227e-03
2.002429386332588990e-01
1.136516507056839834e-02
2.221316883263820333e-02
5.319065320046128913e-03
2.238090995157028182e-02
1.255236862809569476e-02
1.519058875594883921e-03
1.340235944069417470e-02
1.015834756034245633e-02
1.856054623291524680e-02
1.058065076623305664e-02
5.469266917432911296e-03
3.993602460543101661e-03
8.313665394460264179e-04
2.207904292211694819e-01
1.316371959366067490e-01
1.071403639140628972e-01
1.015620078461730441e-01
1.301218059900180746e-01
1.232641592434088190e-01
2.543144111473825131e-01
3.814097318571741391e-01
2.059492453652689292e-01
1.991408203939463439e-01
1.552057564667425338e-01
2.118097602819209169e-01
9.988895473800157854e-02
1.532505532779290525e-01
1.269372545451449008e-01
1.672161796476303863e-01
6.893277106136259935e-02
1.563874878216960362e-01
3.895868731039788813e-01
2.083804796031087925e-01
1.726981588743812801e-01
1.055744090604592150e-01
9.435436507185371302e-02
1.179868864196652600e-01
1.854777313952176987e-01
2.768560688828519134e-01
1.658888412873225637e-01
1.086909978499579904e-01
1.595489205539755706e-01
1.259097752474719056e-01
1.713680163217470021e-01
1.372125176915102718e-01
2.411650514876479134e-01
1.994492708748070997e-01
1.068046658131617810e-01
1.911693651244853465e-01
2.311065626676155615e-01
2.933005654045021116e-01
1.600749478910699908e-01
1.443058357538249126e-01
2.278182799735561093e-01
7.552658045588706015e-02
1.457999454045302290e-01
1.536903029935585696e-01
2.029769545195329872e-01
1.214714567273374596e-01
9.338897632273775173e-02
2.245536394015249793e-01
8.575883477959170276e-02
1.886471391154886934e-01
9.715296317069933851e-02
7.593668065906954145e-02
2.132010998746484420e-01
2.655622227215381215e-01
1.224397130680419943e-01
2.151422285125356992e-01
1.572635584511352935e-01
1.390282043583616067e-01
1.402223987891853818e-01
1.139313228658410254e-01
1.868535269693658296e-01
2.764052224331525198e-01
5.447109133135621950e-02
